9 -3
0 0
2 -6
0 0
11 -1
0 0
9 -1
0 0
7 -3
0 0
8 -4
0 0
3 -1
0 0
5 -9
0 0
6 -6
0 0
7 -3
0 0
-3 -7
0 0
9 -5
0 0
-4 -6
0 0
10 -2
0 0
5 -7
0 0
4 0
0 0
10 -4
0 0
5 -3
0 0
-6 -2
0 0
21 -1
0 0
14 -4
0 0
9 -5
0 0
5 -5
0 0
4 -2
0 0
10 -4
0 0
9 -5
0 0
11 -7
0 0
16 -4
0 0
-1 -3
0 0
3 -3
0 0
19 -3
0 0
7 -3
0 0
7 -1
0 0
9 -3
0 0
-2 0
0 0
10 2
0 0
1 -7
0 0
-4 -6
0 0
6 -4
0 0
5 -7
0 0
7 1
0 0
11 -3
0 0
7 -5
0 0
2 2
0 0
9 -1
0 0
1 -1
0 0
9 -1
0 0
5 1
0 0
8 -8
0 0
6 -6
0 0
6 -10
0 0
8 -8
0 0
11 -3
0 0
-3 -5
0 0
6 -8
0 0
5 -7
0 0
5 -5
0 0
7 -9
0 0
9 -5
0 0
5 -3
0 0
7 -3
0 0
6 -8
0 0
1 -3
0 0
7 5
0 0
18 -8
0 0
9 -5
0 0
2 2
0 0
8 -4
0 0
0 -2
0 0
8 0
0 0
18 -4
0 0
8 -12
0 0
-8 -2
0 0
8 -2
0 0
-6 -8
0 0
9 -5
0 0
9 -1
0 0
6 -6
0 0
10 -2
0 0
5 -5
0 0
11 -11
0 0
2 -2
0 0
5 -1
0 0
2 -4
0 0
7 -5
0 0
9 -7
0 0
13 -5
0 0
9 -7
0 0
3 1
0 0
3 -3
0 0
19 1
0 0
4 -6
0 0
-2 -6
0 0
6 -4
0 0
2 -4
0 0
4 -2
0 0
5 -9
0 0
6 -6
0 0
5 -1
0 0
4 0
0 0
13 -5
0 0
14 -6
0 0
10 -6
0 0
7 -7
0 0
10 -6
0 0
9 -3
0 0
8 -2
0 0
9 -9
0 0
4 0
0 0
6 -4
0 0
5 -11
0 0
12 -2
0 0
8 -8
0 0
15 1
0 0
10 -4
0 0
7 -5
0 0
7 -3
0 0
7 -1
0 0
9 -7
0 0
15 5
0 0
3 -1
0 0
6 -8
0 0
8 -2
0 0
4 -4
0 0
5 -3
0 0
10 -10
0 0
3 -3
0 0
15 -9
0 0
9 -7
0 0
18 -4
0 0
9 -9
0 0
6 -6
0 0
8 -4
0 0
3 3
0 0
5 -5
0 0
9 -3
0 0
8 -2
0 0
5 -1
0 0
17 -5
0 0
3 -3
0 0
7 -1
0 0
8 -6
0 0
10 -2
0 0
4 -4
0 0
9 -9
0 0
2 -6
0 0
1 -1
0 0
6 -4
0 0
23 -1
0 0
11 -9
0 0
9 -9
0 0
5 -5
0 0
8 -4
0 0
11 -3
0 0
-1 1
0 0
-6 -4
0 0
-6 -2
0 0
1 -11
0 0
9 -5
0 0
6 -2
0 0
5 -9
0 0
9 -3
0 0
12 -4
0 0
1 -1
0 0
3 -7
0 0
8 -6
0 0
3 -7
0 0
4 -2
0 0
11 1
0 0
6 -2
0 0
7 -9
0 0
4 -2
0 0
4 -2
0 0
13 -5
0 0
14 -6
0 0
3 -7
0 0
12 -2
0 0
11 -3
0 0
3 -7
0 0
10 -2
0 0
10 -4
0 0
-2 -4
0 0
2 0
0 0
15 -5
0 0
14 -4
0 0
4 -4
0 0
9 -1
0 0
6 -6
0 0
7 -5
0 0
6 -6
0 0
7 3
0 0
-2 0
0 0
15 -11
0 0
13 -9
0 0
10 -2
0 0
9 -3
0 0
5 -9
0 0
2 -6
0 0
1 -3
0 0
6 -8
0 0
0 -6
0 0
14 -12
0 0
10 -2
0 0
15 -3
0 0
6 -8
0 0
7 -9
0 0
7 -5
0 0
7 -5
0 0
6 4
0 0
6 -10
0 0
11 -1
0 0
1 -3
0 0
29 -3
0 0
6 -2
0 0
7 -3
0 0
6 -6
0 0
3 -3
0 0
5 -5
0 0
-6 0
0 0
14 2
0 0
-1 -7
0 0
7 -7
0 0
4 -8
0 0
11 -7
0 0
5 -1
0 0
5 -1
0 0
6 -6
0 0
4 -6
0 0
6 -6
0 0
10 0
0 0
9 -3
0 0
11 -3
0 0
7 -5
0 0
3 -3
0 0
2 -4
0 0
24 -8
0 0
3 -5
0 0
10 -4
0 0
2 -4
0 0
8 0
0 0
6 0
0 0
8 -2
0 0
6 -4
0 0
11 -5
0 0
5 -3
0 0
8 -6
0 0
6 -2
0 0
4 -4
0 0
10 -2
0 0
14 -4
0 0
2 -4
0 0
7 -5
0 0
4 0
0 0
8 -8
0 0
8 -2
0 0
5 -5
0 0
7 -1
0 0
22 -6
0 0
9 -9
0 0
6 -4
0 0
7 -13
0 0
7 -3
0 0
5 -3
0 0
6 -2
0 0
8 -8
0 0
-1 -1
0 0
1 -9
0 0
8 -4
0 0
5 1
0 0
5 -5
0 0
8 -2
0 0
7 -3
0 0
12 -4
0 0
5 -5
0 0
5 -1
0 0
4 -6
0 0
8 -10
0 0
11 -5
0 0
6 2
0 0
7 -1
0 0
13 -3
0 0
4 -6
0 0
6 -10
0 0
9 -3
0 0
21 -3
0 0
8 -4
0 0
8 -4
0 0
6 -4
0 0
8 -8
0 0
11 -1
0 0
-1 -7
0 0
5 -3
0 0
9 -5
0 0
0 -2
0 0
5 -1
0 0
-4 -2
0 0
3 -1
0 0
7 -7
0 0
2 -6
0 0
3 -3
0 0
18 -10
0 0
10 -2
0 0
11 -5
0 0
2 -4
0 0
15 -7
0 0
3 -3
0 0
5 1
0 0
7 -1
0 0
8 -4
0 0
5 -5
0 0
15 -5
0 0
0 -6
0 0
-6 0
0 0
19 -5
0 0
-5 -5
0 0
5 -9
0 0
12 -4
0 0
9 -7
0 0
13 3
0 0
0 -8
0 0
-3 1
0 0
14 -2
0 0
11 -3
0 0
6 -2
0 0
5 -9
0 0
8 0
0 0
6 -6
0 0
14 2
0 0
8 2
0 0
-7 3
0 0
20 -6
0 0
12 -6
0 0
27 -7
0 0
9 -1
0 0
3 -3
0 0
6 -2
0 0
7 -5
0 0
-4 -4
0 0
22 0
0 0
7 1
0 0
6 -4
0 0
7 -9
0 0
3 -9
0 0
8 0
0 0
5 -1
0 0
8 -2
0 0
8 -4
0 0
15 -3
0 0
10 -10
0 0
1 -9
0 0
10 0
0 0
15 -7
0 0
7 -3
0 0
9 -5
0 0
16 -6
0 0
6 -4
0 0
6 -4
0 0
13 -5
0 0
11 -1
0 0
10 -4
0 0
9 -1
0 0
7 -9
0 0
8 -2
0 0
1 -3
0 0
-11 -7
0 0
20 -4
0 0
19 -3
0 0
-9 -1
0 0
11 -7
0 0
9 -7
0 0
0 -8
0 0
7 -5
0 0
5 -1
0 0
9 -3
0 0
3 -3
0 0
8 -10
0 0
5 -1
0 0
-2 2
0 0
5 -7
0 0
3 -3
0 0
12 0
0 0
12 -6
0 0
7 -5
0 0
9 -5
0 0
31 -5
0 0
10 -2
0 0
3 -5
0 0
1 -3
0 0
5 -1
0 0
5 -3
0 0
2 -4
0 0
9 1
0 0
4 -2
0 0
7 -7
0 0
2 -6
0 0
16 -8
0 0
17 -7
0 0
4 -6
0 0
7 1
0 0
8 0
0 0
9 -5
0 0
6 -4
0 0
14 -6
0 0
-3 -5
0 0
1 -3
0 0
10 0
0 0
7 -7
0 0
7 -5
0 0
5 -11
0 0
6 -4
0 0
8 -2
0 0
-7 3
0 0
6 0
0 0
14 -4
0 0
9 -3
0 0
10 -8
0 0
5 1
0 0
12 0
0 0
18 -6
0 0
5 -1
0 0
4 0
0 0
12 -4
0 0
13 -3
0 0
2 -6
0 0
4 -2
0 0
11 -7
0 0
7 -5
0 0
5 -5
0 0
7 -3
0 0
8 0
0 0
-7 -1
0 0
-1 -5
0 0
4 -6
0 0
2 -2
0 0
8 -2
0 0
7 -5
0 0
6 -2
0 0
6 2
0 0
4 -4
0 0
16 -8
0 0
-8 0
0 0
11 -5
0 0
21 -3
0 0
7 1
0 0
6 -4
0 0
9 -3
0 0
1 -9
0 0
8 -4
0 0
13 -7
0 0
2 -8
0 0
1 -1
0 0
11 -5
0 0
8 -2
0 0
10 0
0 0
7 -5
0 0
9 -3
0 0
-1 -7
0 0
7 -7
0 0
-1 -1
0 0
10 -4
0 0
-9 1
0 0
12 -6
0 0
6 -4
0 0
6 -8
0 0
5 -5
0 0
8 -8
0 0
5 3
0 0
10 -4
0 0
-5 -3
0 0
7 -1
0 0
7 -3
0 0
5 -11
0 0
10 -4
0 0
8 -2
0 0
4 -4
0 0
6 0
0 0
1 -1
0 0
1 -9
0 0
0 -6
0 0
5 3
0 0
3 1
0 0
8 -2
0 0
2 -8
0 0
4 -4
0 0
9 -3
0 0
-2 -10
0 0
8 0
0 0
0 -2
0 0
5 -1
0 0
4 -8
0 0
5 -3
0 0
1 -7
0 0
4 0
0 0
3 -1
0 0
6 2
0 0
8 -8
0 0
7 -3
0 0
0 -6
0 0
-3 -7
0 0
6 -4
0 0
8 -6
0 0
9 -1
0 0
7 -9
0 0
6 0
0 0
8 -4
0 0
6 -8
0 0
4 2
0 0
16 -6
0 0
8 -4
0 0
5 3
0 0
6 -12
0 0
8 -6
0 0
7 -7
0 0
17 -7
0 0
19 -3
0 0
21 1
0 0
6 -12
0 0
7 -1
0 0
7 -7
0 0
9 3
0 0
5 -7
0 0
12 -4
0 0
6 -6
0 0
13 -7
0 0
7 -7
0 0
12 -2
0 0
10 2
0 0
9 -5
0 0
12 0
0 0
9 -9
0 0
8 -4
0 0
9 -5
0 0
0 0
0 0
10 -6
0 0
4 -4
0 0
8 -2
0 0
6 -4
0 0
0 -4
0 0
9 -3
0 0
9 -5
0 0
0 -2
0 0
2 0
0 0
10 -4
0 0
14 -2
0 0
0 -8
0 0
3 1
0 0
11 -5
0 0
8 -4
0 0
7 -5
0 0
6 -8
0 0
4 -4
0 0
5 -3
0 0
18 -6
0 0
-2 -4
0 0
5 -1
0 0
4 -2
0 0
8 2
0 0
3 -5
0 0
7 -5
0 0
8 -4
0 0
13 -3
0 0
21 -5
0 0
1 -5
0 0
3 -1
0 0
6 -10
0 0
8 -2
0 0
7 -5
0 0
5 -1
0 0
2 -8
0 0
7 -1
0 0
4 -6
0 0
-5 -1
0 0
3 -7
0 0
13 -7
0 0
8 -6
0 0
6 0
0 0
5 -5
0 0
11 -9
0 0
1 -9
0 0
2 -6
0 0
8 -6
0 0
15 -7
0 0
3 -5
0 0
2 -2
0 0
8 -8
0 0
9 -3
0 0
11 -9
0 0
1 -5
0 0
4 -8
0 0
17 -3
0 0
-3 1
0 0
9 -3
0 0
9 -3
0 0
10 -4
0 0
7 -9
0 0
6 -4
0 0
9 -3
0 0
14 -4
0 0
10 -4
0 0
7 -3
0 0
9 -5
0 0
9 5
0 0
4 0
0 0
7 -5
0 0
5 -7
0 0
5 -3
0 0
7 -13
0 0
6 -4
0 0
21 -3
0 0
7 -9
0 0
13 -3
0 0
3 -3
0 0
3 -5
0 0
5 -1
0 0
8 -6
0 0
-7 -9
0 0
5 -3
0 0
10 -6
0 0
4 -4
0 0
9 -1
0 0
7 -1
0 0
12 -4
0 0
10 -2
0 0
3 -9
0 0
8 -6
0 0
12 -4
0 0
11 1
0 0
4 -10
0 0
3 -3
0 0
8 2
0 0
5 -7
0 0
5 -5
0 0
7 1
0 0
3 -9
0 0
12 -4
0 0
2 -6
0 0
11 -7
0 0
6 -14
0 0
8 -6
0 0
7 -1
0 0
13 -5
0 0
3 -5
0 0
12 -4
0 0
11 -9
0 0
12 -4
0 0
1 -11
0 0
7 -3
0 0
4 -4
0 0
5 -1
0 0
8 0
0 0
8 -6
0 0
-9 -5
0 0
4 -2
0 0
23 -9
0 0
-3 -5
0 0
11 -5
0 0
7 -5
0 0
7 -7
0 0
8 -2
0 0
11 -3
0 0
12 -10
0 0
-3 -3
0 0
2 -6
0 0
7 -5
0 0
0 0
0 0
3 -1
0 0
1 -3
0 0
4 -10
0 0
8 -4
0 0
5 -7
0 0
10 -8
0 0
27 3
0 0
5 1
0 0
6 -8
0 0
9 1
0 0
7 -5
0 0
1 -3
0 0
14 -4
0 0
-1 -5
0 0
10 -6
0 0
19 -3
0 0
7 -9
0 0
10 -4
0 0
6 -4
0 0
4 -4
0 0
5 -3
0 0
9 -7
0 0
4 -4
0 0
10 -4
0 0
5 -1
0 0
8 -6
0 0
16 0
0 0
7 -5
0 0
14 -8
0 0
8 -4
0 0
6 -4
0 0
8 -6
0 0
9 -3
0 0
4 -2
0 0
2 -2
0 0
10 -6
0 0
4 0
0 0
12 0
0 0
11 -7
0 0
7 -1
0 0
9 -9
0 0
12 -6
0 0
3 -1
0 0
7 -3
0 0
9 -9
0 0
14 -2
0 0
9 1
0 0
4 2
0 0
5 -3
0 0
3 -5
0 0
9 -5
0 0
8 -6
0 0
5 -5
0 0
11 -5
0 0
11 -1
0 0
6 -2
0 0
6 -2
0 0
8 -8
0 0
11 -7
0 0
5 -5
0 0
10 -6
0 0
4 -4
0 0
3 -5
0 0
19 -1
0 0
7 -9
0 0
1 1
0 0
10 0
0 0
2 -12
0 0
12 -2
0 0
11 -3
0 0
3 -3
0 0
11 -3
0 0
7 -5
0 0
8 -6
0 0
12 -4
0 0
2 0
0 0
3 -5
0 0
10 -4
0 0
17 -7
0 0
12 -8
0 0
2 -2
0 0
4 -4
0 0
7 1
0 0
8 0
0 0
8 -2
0 0
15 -7
0 0
6 0
0 0
14 0
0 0
19 -3
0 0
8 -6
0 0
21 -5
0 0
1 -9
0 0
6 -6
0 0
7 -11
0 0
6 -2
0 0
7 -3
0 0
6 -2
0 0
9 -5
0 0
-1 1
0 0
-1 -3
0 0
31 -3
0 0
7 -5
0 0
9 1
0 0
6 -6
0 0
4 -6
0 0
5 -3
0 0
7 -3
0 0
18 0
0 0
7 -7
0 0
-8 -8
0 0
2 -4
0 0
2 -2
0 0
8 0
0 0
6 -8
0 0
10 -2
0 0
2 -2
0 0
18 -2
0 0
19 5
0 0
20 -2
0 0
6 -4
0 0
5 -5
0 0
1 -7
0 0
9 -3
0 0
10 4
0 0
35 -5
0 0
5 -1
0 0
4 0
0 0
-3 -1
0 0
9 -1
0 0
10 -4
0 0
7 -5
0 0
5 -5
0 0
10 -6
0 0
3 -7
0 0
-3 -5
0 0
13 -9
0 0
17 -5
0 0
7 -7
0 0
5 -9
0 0
4 -2
0 0
-1 1
0 0
6 -4
0 0
4 -8
0 0
10 -6
0 0
11 -1
0 0
15 -5
0 0
4 -6
0 0
6 -6
0 0
6 -2
0 0
5 -5
0 0
7 -1
0 0
7 -5
0 0
-2 -2
0 0
4 -6
0 0
16 -4
0 0
8 -6
0 0
5 -7
0 0
9 -3
0 0
11 -5
0 0
9 -3
0 0
11 -5
0 0
2 -6
0 0
4 -8
0 0
15 -1
0 0
-2 -2
0 0
6 -6
0 0
5 -5
0 0
6 -2
0 0
6 -2
0 0
7 -3
0 0
4 -4
0 0
9 -5
0 0
5 -3
0 0
5 3
0 0
3 -3
0 0
6 -6
0 0
9 -1
0 0
10 0
0 0
8 -8
0 0
9 -7
0 0
-2 0
0 0
1 -3
0 0
14 0
0 0
5 -5
0 0
6 -6
0 0
12 0
0 0
11 -5
0 0
10 2
0 0
3 -1
0 0
10 -2
0 0
12 -4
0 0
15 -3
0 0
2 -6
0 0
8 -6
0 0
5 -3
0 0
13 -3
0 0
6 -6
0 0
-8 -6
0 0
2 -8
0 0
6 -2
0 0
6 -2
0 0
8 -2
0 0
12 -4
0 0
12 -6
0 0
6 -4
0 0
9 -3
0 0
9 -3
0 0
-2 -8
0 0
12 -4
0 0
6 -6
0 0
-4 0
0 0
2 -6
0 0
8 0
0 0
9 -9
0 0
3 -3
0 0
8 2
0 0
14 -10
0 0
12 0
0 0
2 -4
0 0
3 -1
0 0
7 -5
0 0
9 -3
0 0
11 1
0 0
8 -6
0 0
4 -4
0 0
5 -3
0 0
-5 -5
0 0
12 0
0 0
6 -6
0 0
8 -4
0 0
5 -3
0 0
6 0
0 0
9 -3
0 0
16 -6
0 0
1 -9
0 0
17 3
0 0
0 -4
0 0
-2 -2
0 0
10 -2
0 0
12 0
0 0
5 -7
0 0
5 -5
0 0
11 -3
0 0
4 -4
0 0
-2 -4
0 0
0 0
0 0
10 -10
0 0
9 -9
0 0
8 -4
0 0
4 -2
0 0
7 -3
0 0
9 -3
0 0
4 -8
0 0
10 -2
0 0
11 -5
0 0
5 -3
0 0
8 -4
0 0
4 -4
0 0
7 -1
0 0
6 -4
0 0
7 -5
0 0
8 2
0 0
7 -3
0 0
7 -7
0 0
8 0
0 0
6 -8
0 0
11 -3
0 0
5 -1
0 0
7 -1
0 0
2 0
0 0
10 -2
0 0
18 -2
0 0
13 -1
0 0
-9 -3
0 0
2 -4
0 0
6 -6
0 0
7 -5
0 0
4 -4
0 0
11 -5
0 0
7 -7
0 0
17 1
0 0
8 0
0 0
-13 -9
0 0
5 -7
0 0
6 0
0 0
6 -6
0 0
4 -4
0 0
1 -7
0 0
6 -2
0 0
7 -5
0 0
-1 -7
0 0
6 -8
0 0
-5 -1
0 0
1 -3
0 0
6 0
0 0
8 -4
0 0
11 -7
0 0
6 0
0 0
5 -3
0 0
9 -3
0 0
-5 -7
0 0
5 -3
0 0
16 -2
0 0
7 -5
0 0
6 -8
0 0
5 -5
0 0
8 -6
0 0
12 -6
0 0
4 -4
0 0
2 -4
0 0
-9 -5
0 0
9 -7
0 0
12 2
0 0
9 -1
0 0
10 0
0 0
11 -3
0 0
8 -2
0 0
5 -5
0 0
15 -3
0 0
3 -11
0 0
6 0
0 0
5 3
0 0
8 -6
0 0
3 -3
0 0
9 1
0 0
4 -8
0 0
0 -6
0 0
-5 -3
0 0
3 -5
0 0
-2 -10
0 0
9 -9
0 0
14 -4
0 0
12 -12
0 0
10 -4
0 0
10 -4
0 0
11 -1
0 0
12 -12
0 0
7 -7
0 0
4 -4
0 0
9 1
0 0
9 -11
0 0
7 -7
0 0
5 -3
0 0
3 -5
0 0
7 -3
0 0
8 2
0 0
7 -7
0 0
8 -10
0 0
4 -4
0 0
9 -1
0 0
-11 -1
0 0
-13 -9
0 0
7 -9
0 0
1 -7
0 0
-9 1
0 0
16 0
0 0
2 -8
0 0
6 -6
0 0
4 -2
0 0
8 -4
0 0
9 -1
0 0
11 -3
0 0
8 -6
0 0
9 -3
0 0
5 1
0 0
8 -4
0 0
13 -7
0 0
9 -3
0 0
4 0
0 0
14 -8
0 0
-10 -6
0 0
9 -5
0 0
0 -6
0 0
-10 -2
0 0
8 -6
0 0
4 -10
0 0
7 -7
0 0
10 -8
0 0
10 -4
0 0
5 -5
0 0
15 -3
0 0
1 -5
0 0
8 -4
0 0
4 -8
0 0
10 -2
0 0
10 0
0 0
10 -4
0 0
12 -4
0 0
10 -4
0 0
4 -2
0 0
1 -5
0 0
23 -3
0 0
3 -5
0 0
8 -8
0 0
8 -2
0 0
9 -3
0 0
10 -6
0 0
13 -5
0 0
20 2
0 0
29 -1
0 0
14 -6
0 0
6 -4
0 0
4 -4
0 0
6 -6
0 0
11 -1
0 0
10 -6
0 0
9 -7
0 0
6 -4
0 0
-5 -9
0 0
4 2
0 0
-1 -3
0 0
6 -4
0 0
6 0
0 0
7 -3
0 0
3 -9
0 0
6 -8
0 0
7 -1
0 0
16 -6
0 0
16 -8
0 0
9 -1
0 0
8 -8
0 0
9 -9
0 0
8 -8
0 0
4 -2
0 0
13 -9
0 0
7 -5
0 0
6 -4
0 0
-3 -5
0 0
19 -9
0 0
6 -2
0 0
8 -2
0 0
6 0
0 0
6 -4
0 0
3 -3
0 0
4 -2
0 0
9 -5
0 0
-6 -4
0 0
22 -2
0 0
11 -1
0 0
3 -7
0 0
6 -4
0 0
13 -5
0 0
4 -4
0 0
9 -13
0 0
-6 -2
0 0
-5 -3
0 0
15 -1
0 0
13 -7
0 0
6 -4
0 0
8 -2
0 0
5 -3
0 0
1 -1
0 0
9 -7
0 0
9 -3
0 0
12 -10
0 0
11 -7
0 0
-5 -7
0 0
9 -5
0 0
10 -2
0 0
17 -5
0 0
25 -7
0 0
6 -4
0 0
7 -1
0 0
9 -9
0 0
-1 -3
0 0
-8 -2
0 0
6 -8
0 0
10 -2
0 0
5 -7
0 0
5 -5
0 0
2 -4
0 0
-9 -5
0 0
7 -5
0 0
20 0
0 0
3 -7
0 0
9 1
0 0
10 -10
0 0
14 -6
0 0
13 -5
0 0
2 2
0 0
1 -5
0 0
7 -3
0 0
12 -8
0 0
14 -4
0 0
9 1
0 0
6 -4
0 0
13 -5
0 0
8 2
0 0
6 -4
0 0
11 -5
0 0
18 0
0 0
-8 -8
0 0
5 -3
0 0
-4 -10
0 0
22 -2
0 0
6 -4
0 0
5 -9
0 0
10 -4
0 0
-2 -4
0 0
4 -6
0 0
2 -6
0 0
18 -2
0 0
10 -10
0 0
10 -4
0 0
4 -4
0 0
8 -6
0 0
13 1
0 0
4 -10
0 0
10 -4
0 0
2 -4
0 0
13 -5
0 0
5 -5
0 0
10 -2
0 0
10 -4
0 0
2 -10
0 0
7 -7
0 0
11 -5
0 0
15 -1
0 0
7 -5
0 0
4 0
0 0
3 -3
0 0
5 -1
0 0
12 -4
0 0
5 1
0 0
5 -1
0 0
7 -9
0 0
11 -3
0 0
8 -10
0 0
9 -3
0 0
8 -4
0 0
0 -2
0 0
6 -4
0 0
5 -7
0 0
12 -6
0 0
16 0
0 0
8 -4
0 0
6 -2
0 0
4 -6
0 0
5 -1
0 0
7 -7
0 0
9 5
0 0
5 -1
0 0
9 -1
0 0
4 -2
0 0
12 -6
0 0
4 0
0 0
7 -5
0 0
10 -2
0 0
9 3
0 0
5 -5
0 0
14 -8
0 0
15 -7
0 0
4 0
0 0
7 -3
0 0
10 -4
0 0
2 -2
0 0
4 -6
0 0
6 -4
0 0
4 -10
0 0
12 -8
0 0
14 -4
0 0
18 -6
0 0
9 -1
0 0
8 -8
0 0
6 -8
0 0
2 -4
0 0
14 -6
0 0
7 -1
0 0
6 -4
0 0
10 -2
0 0
4 -2
0 0
2 0
0 0
3 1
0 0
9 -1
0 0
11 -5
0 0
4 0
0 0
4 -6
0 0
6 -4
0 0
2 -4
0 0
-3 -7
0 0
-2 -4
0 0
7 -5
0 0
7 -1
0 0
8 -2
0 0
6 -4
0 0
4 -6
0 0
7 -5
0 0
-1 -11
0 0
-2 -8
0 0
8 -4
0 0
7 -5
0 0
14 -6
0 0
9 -5
0 0
6 -4
0 0
1 -5
0 0
4 -8
0 0
7 -9
0 0
15 3
0 0
3 -5
0 0
5 -1
0 0
13 1
0 0
9 -3
0 0
9 -5
0 0
7 3
0 0
9 1
0 0
10 -4
0 0
-6 -8
0 0
2 -4
0 0
-1 -3
0 0
4 -4
0 0
11 -5
0 0
6 -6
0 0
2 -6
0 0
7 -3
0 0
18 -2
0 0
15 -5
0 0
4 -2
0 0
11 -5
0 0
5 -7
0 0
12 -6
0 0
10 0
0 0
10 6
0 0
8 4
0 0
6 -2
-2 0
25 3
-6 0
8 -4
-6 0
4 0
-4 0
10 0
-8 2
19 1
-12 4
13 5
-16 6
20 2
-18 8
14 10
-20 6
18 6
-22 8
46 20
-42 14
56 40
-66 14
86 54
-98 20
75 37
-104 26
87 -15
-90 58
82 -70
-60 94
46 -80
-20 106
21 -45
-2 88
14 -18
0 62
9 -3
-2 38
13 -3
-6 26
11 -5
-6 10
-2 -2
0 0
7 -5
0 0
2 -4
0 0
3 -3
0 0
8 0
0 0
6 2
0 0
5 -3
0 0
0 0
0 0
13 -1
0 0
15 -1
0 0
4 -4
0 0
13 -7
0 0
7 -5
0 0
6 -10
0 0
-6 -6
0 0
5 -5
0 0
6 -8
0 0
15 -11
0 0
22 -6
0 0
5 -7
0 0
6 -8
0 0
7 -9
0 0
4 -4
0 0
3 5
0 0
5 -3
0 0
15 -3
0 0
-2 -4
0 0
18 -2
0 0
7 -3
0 0
11 -3
0 0
5 -5
0 0
3 -5
0 0
9 -5
0 0
-2 -2
0 0
16 -2
0 0
17 -7
0 0
9 -3
0 0
13 -5
0 0
6 -6
0 0
6 -6
0 0
5 -9
0 0
6 2
0 0
5 -5
0 0
2 2
0 0
19 -5
0 0
8 -6
0 0
7 -3
0 0
6 -8
0 0
5 -1
0 0
4 -6
0 0
11 3
0 0
5 -9
0 0
13 -5
0 0
5 1
0 0
9 -1
0 0
7 -9
0 0
16 -30
0 6
33 -75
22 54
83 -127
0 0
28 -28
0 0
-18 50
-4 22
-30 74
-22 -34
-11 37
-24 -40
6 16
-24 -28
24 6
-26 -10
13 9
-24 -6
12 14
-24 -6
20 4
-24 2
11 3
-20 4
10 2
-16 4
-5 -1
-4 0
6 0
0 0
15 5
0 0
-9 -1
0 0
1 -1
0 0
14 -2
0 0
13 -3
0 0
11 -1
0 0
8 -6
0 0
24 -4
0 0
-2 -4
0 0
3 -1
0 0
7 -3
0 0
27 -5
0 0
6 -10
0 0
9 -3
0 0
7 -1
0 0
11 -3
0 0
6 -6
0 0
2 -6
0 0
16 -8
0 0
15 -1
0 0
6 2
0 0
6 -6
0 0
6 -4
0 0
6 0
0 0
7 -3
0 0
-5 -3
0 0
0 -4
0 0
14 -2
0 0
9 -3
0 0
6 -4
0 0
3 -5
0 0
1 -1
0 0
14 4
0 0
9 5
0 0
7 1
-2 0
5 7
-8 0
20 12
-18 2
38 6
-28 12
36 18
-40 12
35 41
-56 2
60 58
-82 0
84 24
-92 24
100 -64
-68 82
-32 -100
16 74
-12 -44
34 54
5 -15
24 38
6 -8
14 26
15 -9
4 24
10 -6
0 18
5 -3
0 6
4 0
0 0
9 1
0 0
5 -5
0 0
7 -1
0 0
8 -8
0 0
27 -1
0 0
7 -7
0 0
7 -3
0 0
4 -4
0 0
5 -3
0 0
9 -7
0 0
11 -5
0 0
2 0
0 0
-6 -2
0 0
12 -4
0 0
6 2
0 0
3 -3
0 0
8 -6
0 0
4 -4
0 0
11 -5
0 0
0 -2
0 0
18 -4
0 0
4 -2
0 0
14 -2
0 0
1 -3
0 0
3 -1
0 0
8 -2
0 0
1 -7
0 0
4 -8
0 0
4 -10
0 0
15 -5
0 0
2 -8
0 0
6 -6
0 0
9 -3
0 0
13 -1
0 0
9 -9
0 0
4 -6
0 0
5 -7
0 0
11 -5
0 0
11 -7
0 0
10 -8
0 0
13 -11
0 0
26 -24
0 12
78 -60
-8 58
80 -142
22 136
31 -31
0 0
0 0
0 0
85 59
-56 42
62 74
-90 16
16 26
-70 4
-5 11
-42 -6
16 12
-36 -2
18 6
-30 2
-3 5
-18 -4
9 -1
-14 0
13 3
-16 4
9 -1
-12 4
9 -1
-10 4
5 -3
-4 0
16 -6
-2 0
10 -6
0 0
8 -4
0 0
-9 -3
0 0
8 -8
0 0
11 -5
0 0
10 0
0 0
5 -3
0 0
7 -1
0 0
-10 -4
0 0
8 -6
0 0
6 -6
0 0
10 -6
0 0
0 -4
0 0
12 -4
0 0
6 -2
0 0
7 -13
0 0
1 -1
0 0
16 -8
0 0
7 -1
0 0
12 -6
0 0
6 -2
0 0
5 -3
0 0
6 -2
0 0
5 -9
0 0
6 -6
0 0
0 -8
0 0
7 -3
0 0
6 -10
0 0
-4 2
0 0
8 -2
0 0
9 -9
0 0
11 -5
0 0
4 -2
0 0
4 -6
0 0
-1 -7
0 0
-1 -1
0 0
8 -2
0 0
11 -3
0 0
7 -1
0 0
10 -2
0 0
8 -4
0 0
4 0
0 0
5 -5
0 0
10 -6
0 0
13 -5
0 0
4 0
0 0
6 -6
0 0
4 -2
0 0
3 -1
0 0
11 -3
0 0
4 -2
0 0
12 -2
0 0
8 -4
0 0
9 -9
0 0
2 -4
0 0
-2 -6
0 0
12 -8
0 0
8 -2
0 0
5 -5
0 0
9 -1
0 0
3 -3
0 0
9 -3
0 0
24 2
0 0
-3 -5
0 0
14 -6
0 0
10 -4
0 0
9 3
0 0
10 -4
0 0
10 -4
0 0
12 -2
0 0
6 -4
0 0
5 -1
0 0
11 -5
0 0
-4 0
0 0
2 -2
0 0
14 4
0 0
12 8
-2 0
19 3
-12 6
19 11
-22 6
21 9
-26 6
32 20
-38 6
125 45
-94 36
199 29
0 0
0 0
0 0
0 0
0 0
103 -185
0 0
63 -119
26 154
30 -68
30 128
13 -29
24 90
2 -14
18 58
-5 -11
18 34
4 -8
12 24
8 -10
6 12
-11 -7
4 0
9 -5
0 0
6 -8
0 0
15 -5
0 0
12 -8
0 0
13 -5
0 0
-2 -4
0 0
18 -2
0 0
-1 -7
0 0
5 -9
0 0
7 -5
0 0
5 -7
0 0
5 -1
0 0
10 0
0 0
4 0
0 0
6 0
0 0
1 -5
0 0
8 -4
0 0
3 -3
0 0
4 -4
0 0
7 1
0 0
5 -3
0 0
12 -2
0 0
8 -8
0 0
-2 -4
0 0
-1 -9
0 0
10 -4
0 0
7 -3
0 0
24 -4
0 0
8 -10
0 0
5 -15
0 2
13 -17
0 6
17 -45
12 30
61 -131
36 100
61 -61
0 0
0 0
0 0
0 0
0 0
119 77
0 0
78 46
-98 34
51 21
-88 32
40 10
-72 30
36 10
-60 26
32 12
-54 20
28 2
-42 20
22 8
-38 16
17 7
-32 12
16 2
-26 12
13 1
-18 6
9 5
-10 0
6 -2
-6 0
9 -5
-4 0
7 -1
-4 0
14 0
-2 0
25 -9
-2 0
13 -1
0 0
20 -6
0 0
4 2
0 0
8 -4
0 0
4 -2
0 0
5 -5
0 0
4 -2
0 0
7 -9
0 0
-3 -3
0 0
-2 -2
0 0
3 -5
0 0
6 -6
0 0
6 -4
0 0
6 -2
0 0
4 -2
0 0
4 -4
0 0
18 -6
0 0
15 1
0 0
-6 -8
0 0
11 -1
0 0
11 -3
0 0
4 -6
0 0
8 -4
0 0
5 3
0 0
8 -10
0 0
5 -5
0 0
8 -2
0 0
-4 -8
0 0
12 -4
0 0
1 -5
0 0
10 -4
0 0
10 -2
0 0
5 -7
0 0
5 -5
0 0
7 -5
0 0
2 -6
0 0
6 -2
0 0
15 -3
0 0
10 -6
0 0
10 -4
0 0
7 -5
0 0
8 -6
0 0
9 -1
0 0
3 -5
0 0
-3 -9
0 0
13 -3
0 0
2 -2
0 0
7 -5
0 0
21 -7
0 0
8 -2
0 0
11 -3
0 0
7 -3
0 0
8 -6
0 0
5 -1
0 0
-5 -5
0 0
17 -11
0 0
5 -5
0 0
14 -4
0 0
2 -2
0 0
5 -3
0 0
12 -2
0 0
8 -4
0 0
6 -4
0 0
7 -3
0 0
5 -9
0 0
-4 -6
0 0
5 -5
0 0
6 -8
0 0
11 -9
0 0
7 3
0 0
10 -4
0 0
7 -5
0 0
9 -9
0 0
22 -8
0 0
0 2
0 0
-1 -5
0 0
6 -2
0 0
11 -3
0 0
5 -5
0 0
9 -9
0 0
7 -1
0 0
5 -5
0 0
14 -4
0 0
10 -4
0 0
-1 -5
0 0
3 -5
0 0
3 -5
0 0
5 -7
0 0
5 -3
0 0
7 3
0 0
3 -7
0 0
5 1
0 0
0 0
0 0
10 -6
0 0
1 -9
0 0
13 -1
0 0
12 2
0 0
11 -5
0 0
9 -7
0 0
10 -4
0 0
9 -5
0 0
-2 -4
0 0
13 -7
0 0
24 2
0 0
11 -7
0 0
8 -2
0 0
9 -9
0 0
7 -5
0 0
12 -6
0 0
8 -6
0 0
7 -3
0 0
3 -9
0 0
2 -6
0 0
3 -1
