8 -4
6 -4
7 -3
8 -2
7 -3
8 -4
7 -3
7 -5
7 -5
7 -5
2 -6
4 -6
2 -6
4 -4
4 -6
3 -5
6 -4
6 -4
2 -4
8 -2
10 -2
10 -2
9 -3
7 -3
9 -3
9 -3
9 -5
12 -4
7 -3
6 -4
10 -4
9 -3
8 -2
8 -2
5 -1
6 0
5 -3
4 -4
4 -4
3 -5
4 -4
6 -4
7 -5
5 -3
5 -3
4 -2
5 -1
5 1
4 -2
6 -4
5 -7
5 -7
7 -7
5 -5
5 -7
5 -7
4 -6
5 -7
6 -6
5 -5
5 -5
6 -6
3 -5
4 -2
9 -3
9 -3
6 0
7 -1
4 0
5 -1
8 -2
8 -4
3 -3
4 -2
1 -5
4 -6
6 -4
7 -5
8 -4
8 -4
8 -6
6 -4
5 -3
4 -4
6 -4
7 -5
9 -5
9 -5
7 -3
5 -3
9 -1
8 -2
3 -3
3 -3
3 -3
4 -2
3 -3
4 -4
4 -4
5 -3
8 -4
10 -4
9 -5
8 -6
8 -6
9 -5
8 -4
8 -4
7 -3
7 -3
6 -4
9 -3
8 -4
11 -3
11 -3
9 -3
8 -2
7 -1
7 -3
9 -1
8 0
8 -2
8 -2
7 -3
7 -3
8 -4
8 -4
9 -5
9 -5
11 -5
10 -6
8 -6
7 -5
6 -2
6 -2
6 -2
6 -2
5 -1
9 -1
8 -2
7 -1
7 -1
7 -1
6 -2
7 -3
6 -4
5 -3
5 -3
10 -2
11 -3
10 -6
8 -6
9 -5
10 -4
7 -1
4 -2
2 -2
2 -4
2 -4
5 -3
6 -4
6 -4
8 -4
6 -4
6 -4
6 -4
5 -5
4 -4
6 -2
6 -2
6 -4
6 -4
5 -3
7 -3
9 -5
7 -5
8 -4
9 -3
8 -4
9 -3
9 -3
6 -4
5 -3
7 -5
11 -5
7 -5
8 -4
8 -4
8 -4
8 -4
8 -2
4 -2
8 -4
10 -6
10 -4
10 -4
8 -6
7 -5
5 -3
5 -5
4 -4
8 -6
8 -6
10 -6
9 -7
8 -8
8 -8
8 -8
7 -3
8 -6
9 -5
6 -4
15 -5
12 -4
10 -4
9 -5
6 -4
6 -4
2 -2
5 -1
4 -2
6 -4
6 -6
7 -7
7 -7
6 -6
6 -6
6 -6
6 -6
7 -5
8 -4
10 -4
8 -4
5 -3
3 -3
11 -5
10 -4
10 -4
8 -4
8 -2
7 -1
7 -1
7 -1
9 -3
7 -3
6 -4
5 -3
5 -3
7 -3
11 -3
8 -4
8 -4
7 -3
7 -5
8 -4
7 -5
7 -3
13 -5
11 -7
10 -6
9 -7
8 -6
7 -5
6 -4
7 -5
5 -5
3 -7
4 -6
4 -2
5 -3
7 -3
7 -3
7 -3
6 -4
5 -3
5 -3
5 -5
8 -6
8 -4
8 -4
9 -5
9 -5
8 -6
9 -5
12 -4
12 -4
10 -4
9 -3
8 -6
9 -5
4 -6
3 -5
4 -6
3 -5
4 -4
3 -3
2 -2
3 -3
2 -4
2 -4
7 -5
9 -3
9 -3
5 -3
9 -5
6 -4
6 -2
7 -1
8 -2
7 -3
8 -4
6 -4
1 -3
7 -3
3 -3
4 -4
7 -5
8 -6
9 -3
6 -4
4 -2
7 -3
8 -2
7 -3
6 -6
7 -5
7 -5
9 -3
9 -1
4 0
9 -1
10 -2
16 -4
13 -3
10 -2
8 -2
8 -4
2 -4
8 -2
7 -1
7 -1
7 -3
6 -6
7 -5
7 -5
8 -4
8 -4
9 -3
9 -5
7 -7
9 -5
10 -6
8 -4
8 -4
10 -6
10 -6
9 -5
9 -5
8 -4
8 -4
8 -4
7 -5
8 -4
6 -4
1 -5
10 -4
12 -4
4 -4
5 -5
6 -6
4 -6
6 -6
6 -4
6 -4
6 -4
7 -5
6 -4
4 -2
4 -4
4 -4
6 -2
8 -4
8 -4
8 -4
16 -4
13 -3
10 -4
7 -3
6 -2
6 -2
4 -2
6 0
5 -1
6 -2
5 -3
10 -4
12 -4
9 -3
8 -2
8 -2
8 -2
7 -3
8 -4
6 -4
5 -5
6 -4
5 -5
5 -5
5 -7
6 -6
7 -3
3 -1
3 -1
5 -3
6 -2
7 -3
7 -3
7 -3
11 -3
10 -2
7 -1
8 0
9 -1
7 -1
6 0
8 -2
7 -3
6 -4
7 -3
7 -3
3 -3
3 -3
3 -3
3 -3
4 -4
6 -4
6 -2
6 0
5 -1
9 -3
4 -2
6 -2
10 -2
10 -2
9 -3
9 -3
5 -5
5 -5
7 -5
6 -6
4 -4
5 -5
6 -4
7 -3
8 -4
9 -3
6 -4
6 -4
3 -3
6 -4
1 -3
5 -3
5 -3
5 -5
5 -5
6 -6
4 -4
6 -4
1 -3
3 -3
5 -3
3 -5
4 -4
5 -3
4 -4
5 -3
3 -3
3 -3
1 -5
1 -3
1 -3
3 -3
3 -5
3 -5
5 -5
4 -6
5 -3
3 -3
3 -3
3 -5
4 -4
3 -5
4 -4
3 -3
4 -2
5 -3
6 -2
4 -2
2 -4
4 -4
5 -5
7 -3
8 -4
7 -1
6 -2
7 -5
7 -3
10 -4
9 -3
7 -1
7 -3
8 -4
8 -4
11 -5
13 -5
16 -4
12 -6
10 -4
9 -5
10 -2
8 -4
10 -4
8 -6
10 -6
9 -7
10 -6
11 -3
10 -4
11 -3
11 -5
10 -4
9 -5
5 -3
7 -3
6 -4
6 -4
6 -4
4 -2
6 -2
7 -3
4 -2
4 -2
6 -2
10 -2
7 -3
6 -2
7 -3
7 -3
8 -4
7 -5
6 -6
5 -5
9 -5
6 -4
5 -3
5 -3
6 -2
4 -4
5 -5
6 -4
8 -4
12 -4
10 -4
9 -3
8 -6
8 -6
8 -6
8 -6
5 -7
6 -6
5 -7
3 -5
4 -6
8 -6
8 -6
7 -5
7 -5
9 -7
6 -8
5 -7
6 -6
9 -7
7 -7
6 -6
7 -7
7 -5
8 -6
4 -6
5 -7
8 -4
5 -1
5 -1
8 -2
8 -2
8 -4
7 -3
7 -3
9 -3
9 -3
8 -4
8 -4
8 -2
7 -1
7 -1
7 -3
7 -3
7 -5
6 -4
10 -4
10 -4
11 -5
8 -4
6 -4
5 -3
5 -3
1 -5
1 -5
3 -5
3 -5
5 -3
5 -3
7 -3
8 -2
6 -4
7 -5
9 -3
9 -3
7 -5
7 -5
6 -2
6 -4
6 -4
5 -3
4 -6
5 -5
4 -4
5 -5
6 -10
7 -7
8 -6
11 -5
10 -4
10 -4
10 -6
10 -6
7 -7
6 -6
5 -5
5 -5
7 -3
7 -3
2 -4
2 -4
9 -5
6 -4
7 -5
7 -5
7 -7
7 -5
8 -4
8 -6
5 -5
4 -6
6 -6
5 -5
4 -4
4 -4
5 -5
5 -5
5 -5
5 -5
12 -2
10 0
9 -3
10 -2
9 -3
5 -3
6 -4
4 -4
4 -4
9 -3
8 -6
8 -6
8 -6
7 -5
6 -4
8 -6
7 -5
8 -4
7 -3
6 -4
9 -3
9 -3
11 -5
11 -5
11 -5
10 -6
10 -6
9 -5
6 -4
7 -5
6 -4
9 -3
10 -4
8 -2
8 -4
10 -4
8 -4
8 -4
7 -5
10 -4
10 -4
8 -2
8 -2
5 -3
6 -4
7 -5
6 -4
8 -4
8 -4
8 -4
7 -3
8 -6
9 -7
9 -7
9 -7
7 -5
6 -6
10 -4
9 -7
6 -4
7 -3
5 -5
9 -3
11 -3
9 -3
9 -3
8 -4
9 -5
9 -5
7 -3
5 -3
7 -3
10 -4
10 -4
7 -3
7 -3
6 -2
6 -2
7 -3
10 -4
10 -4
12 -2
14 -2
13 -3
16 -4
11 -5
11 -5
9 -7
10 -6
9 -5
7 -3
7 -3
4 -2
1 -3
11 -3
11 -3
11 -3
9 -5
8 -6
7 -5
6 -4
11 -3
10 -4
4 -6
3 -5
2 -4
5 -3
6 -4
8 -4
8 -4
13 -3
15 -1
16 -2
13 -3
10 -4
7 -5
7 -5
9 -3
17 -3
13 -3
9 -1
6 -2
8 -2
8 -2
8 -2
6 -4
8 -4
5 -5
3 -5
6 -6
9 -5
8 -6
6 -8
6 -6
4 -4
5 -3
4 -6
6 -6
8 -4
10 -4
10 -4
10 -4
8 -2
8 -2
7 -1
6 -2
4 -2
4 -4
7 -3
8 -4
8 -4
8 -4
8 -4
8 -4
10 -4
7 -5
7 -5
9 -3
5 -3
6 -4
6 -4
5 -3
6 -2
6 -2
6 -2
6 -2
5 -3
4 -2
4 -2
5 -3
7 -3
7 -3
7 -3
7 -3
4 -2
4 -2
7 -1
7 -3
8 -4
9 -3
9 -3
10 0
8 0
8 0
10 -2
11 -1
8 -2
8 -4
8 -4
10 -4
9 -5
4 -6
3 -7
5 -5
6 -4
7 -3
8 -4
10 -4
8 -4
9 -3
9 -3
6 -4
8 -4
8 -4
3 -3
3 -3
6 -2
7 -5
5 -3
6 0
8 -4
9 -3
8 -4
7 -3
6 -4
7 -3
9 -1
9 -1
6 -2
5 -3
1 -3
3 -1
4 -2
5 -3
5 -3
5 -1
6 -2
10 -4
8 -6
11 -3
6 -4
4 -4
5 -3
7 -3
7 -3
6 -4
7 -3
7 -3
4 -4
2 -2
5 -5
6 -6
6 -6
5 -5
6 -4
6 -4
5 -7
7 -5
9 -5
9 -5
9 -5
8 -4
8 -2
8 -2
8 -2
8 -2
8 -2
8 -2
8 -2
7 -3
8 -4
8 -4
7 -3
6 -2
8 -2
10 -2
10 -2
3 -3
2 -4
4 -4
5 -5
5 -5
6 -6
7 -7
10 -6
9 -3
3 -5
3 -5
4 -4
5 -5
5 -5
3 -5
3 -5
4 -6
3 -7
4 -8
0 -6
1 -5
3 -3
4 -2
6 -4
6 -2
6 -2
8 -2
3 -3
4 -2
7 -3
6 -4
6 -6
6 -6
8 -6
10 -6
9 -5
8 -6
3 -5
4 -6
6 -4
7 -3
8 -2
9 -3
9 -3
6 -4
8 -4
7 -7
7 -3
6 -2
7 -3
5 -3
6 -2
5 -3
3 -3
0 -2
0 -2
-1 -5
3 -5
7 -5
9 -7
10 -6
10 -6
10 -4
11 -5
10 -6
9 -7
9 -5
9 -7
9 -7
7 -5
5 -5
5 -5
6 -4
6 -4
7 -5
7 -5
7 -3
0 -2
-4 -4
-2 -6
-1 -7
-3 -5
4 -2
2 -4
3 -5
3 -5
3 -5
5 -5
7 -5
7 -5
7 -5
6 -4
7 -3
9 -5
9 -5
8 -4
10 -6
3 -5
6 -6
6 -6
1 -5
1 -5
1 -7
3 -5
4 -6
6 -4
5 -5
7 -3
6 -4
6 -4
4 -6
5 -5
7 -3
8 -4
10 -4
10 -4
8 -4
5 -5
11 -5
10 -4
9 -5
8 -4
9 -3
9 -3
10 -4
14 -2
18 -2
16 -4
14 -4
12 -4
11 -5
12 -4
12 -4
11 -5
9 -5
5 -7
4 -4
3 -3
4 -4
5 -3
5 -3
4 -4
5 -7
6 -6
9 -5
11 -5
10 -4
11 -5
10 -6
9 -7
7 -5
8 -6
8 -6
8 -6
6 -6
10 -8
9 -7
8 -6
7 -5
7 -5
6 -4
5 -3
7 -3
4 -4
9 -3
10 -2
7 -3
7 -3
9 -3
6 -4
7 -7
4 -4
0 -4
4 -4
7 -5
7 -5
7 -5
7 -5
5 -3
6 -4
7 -3
9 -5
10 -6
6 -6
6 -6
7 -5
11 -5
16 -6
12 -4
11 -3
10 -6
8 -4
1 -3
3 -5
5 -3
4 -4
4 -4
3 -3
0 -4
0 -4
7 -3
5 -5
6 -2
8 -6
8 -6
10 -6
7 -3
4 -4
4 -4
6 -6
8 -6
9 -3
8 -4
8 -4
9 -3
7 -3
8 -4
10 -2
5 -5
4 -4
2 -6
9 -5
9 -5
8 -6
9 -5
6 -4
6 -4
4 -6
8 -4
8 -6
8 -6
7 -5
7 -5
9 -3
7 -5
7 -5
4 -4
5 -5
5 -5
7 -3
9 -3
7 -5
7 -5
7 -5
9 -3
9 -3
8 -2
6 -2
6 -2
8 -2
7 -1
6 -2
6 -4
8 -4
8 -6
8 -4
8 -4
5 -3
5 -3
5 -3
7 -5
10 -4
10 -4
9 -3
7 -5
5 -3
6 -4
6 0
6 0
6 0
6 0
7 -1
7 -1
7 -1
7 -1
7 -1
5 -3
9 -5
11 -5
9 -3
9 -3
9 -3
8 -2
7 -3
6 -4
5 -5
6 -6
9 -5
11 -5
11 -5
10 -6
7 -7
4 -6
8 -6
6 -4
6 -4
6 -4
6 -4
5 -3
5 -1
7 -1
9 -3
7 -3
6 -4
6 -4
4 -4
2 -6
1 -5
2 -4
4 -2
4 -2
5 -3
4 -4
5 -5
3 -7
2 -8
4 -6
5 -5
9 -5
9 -5
7 -5
5 -5
5 -7
5 -7
8 -4
7 -5
7 -3
10 -2
10 -2
9 -3
8 0
8 0
9 -1
4 -4
3 -5
2 -6
2 -6
4 -6
4 -6
4 -6
4 -6
8 -4
9 -5
8 -4
9 -5
7 -5
7 -5
8 -4
8 -2
7 1
7 -1
13 1
12 0
11 -1
10 0
13 1
13 3
15 3
15 5
17 5
30 12
42 24
61 37
67 37
76 14
79 -19
65 -45
47 -45
33 -33
22 -20
18 -12
15 -9
8 -6
8 -6
5 -5
4 -4
4 -4
4 -2
4 -2
1 -1
3 -1
5 -1
5 -1
7 -3
7 -3
6 -4
2 -4
2 -4
3 -5
7 -7
11 -7
9 -7
7 -7
7 -7
6 -6
5 -3
5 -3
7 -3
4 -4
8 -4
8 -4
10 -4
9 -5
6 -6
7 -5
6 -4
11 -3
13 -5
11 -3
11 -3
9 -5
8 -6
7 -7
8 -4
8 -4
6 -2
11 -3
9 -5
8 -4
7 -5
6 -2
6 -4
8 -2
6 -4
7 -3
6 -2
6 -2
5 -5
10 -16
19 -41
47 -79
39 -57
15 -11
-4 26
-6 30
0 24
10 16
11 13
11 13
15 9
14 6
13 5
6 2
5 1
8 2
3 1
3 1
7 1
10 0
11 -1
10 -2
14 -2
10 -2
7 -1
6 -2
14 -4
11 -5
10 -4
9 -3
10 -2
9 -3
6 -4
9 -5
10 -4
9 -1
10 -2
9 -3
8 -2
7 -3
4 -2
2 -2
8 -2
9 -3
9 -3
7 -3
5 -1
7 1
8 2
7 1
6 4
12 6
22 6
28 12
31 25
43 39
60 32
77 -9
31 -47
12 -46
9 -33
8 -22
12 -16
12 -12
8 -8
7 -5
7 -3
6 -4
7 -3
7 -5
14 -4
13 -5
10 -4
7 -5
7 -5
8 -6
9 -5
8 -4
5 -3
6 -4
6 -2
5 -1
6 -2
6 -2
8 -4
5 -3
9 -3
6 -2
9 -1
7 -1
5 -1
5 -1
3 -3
4 -4
4 -6
7 -5
6 -6
6 -6
7 -5
8 -4
8 -6
7 -5
7 -5
7 -5
7 -5
9 -7
10 -8
17 -15
42 -34
59 -81
47 -59
28 -34
51 5
55 35
39 31
20 22
19 17
18 12
9 9
9 5
12 4
10 2
9 1
8 0
10 -2
10 -4
10 -4
4 -4
6 -6
7 -5
8 -2
7 -3
6 -2
1 -3
4 -4
4 -4
6 -4
3 -5
5 -5
6 -4
6 -6
5 -5
10 -6
9 -5
10 -6
9 -5
7 -5
7 -3
7 -5
6 -6
6 -6
6 -6
5 -7
2 -4
2 -4
3 -5
6 -6
5 -3
5 -3
2 -4
1 -3
4 -4
6 -4
6 -2
8 -2
7 -3
5 -1
4 -2
5 -3
6 -4
6 -2
5 -3
4 -2
3 -1
7 -1
6 0
8 0
8 -2
7 -3
5 -3
3 -5
6 -6
7 -5
7 -5
8 -2
6 -2
7 -3
13 -1
9 -3
10 -4
10 -4
9 -1
10 -2
9 -3
11 -3
9 -3
8 -2
9 -3
6 -2
4 -2
7 -1
9 1
14 2
16 6
18 8
24 14
67 27
123 29
71 17
42 10
69 -71
66 -92
51 -81
35 -59
22 -40
10 -28
8 -20
9 -15
0 -12
4 -8
4 -8
7 -7
10 -8
11 -7
7 -5
10 -4
7 -5
6 -6
6 -6
6 -6
6 -6
7 -5
7 -5
7 -3
6 -4
6 -4
4 -4
4 -4
5 -3
5 -3
6 -4
6 -4
3 -5
2 -6
4 -6
5 -5
11 -5
11 -5
8 -10
10 -12
13 -25
34 -70
46 -66
26 -38
16 -22
59 19
68 30
62 26
53 19
45 15
39 15
33 9
29 9
24 8
21 5
18 4
14 4
11 3
10 2
9 1
11 1
16 -2
15 -1
16 -2
12 0
10 -2
8 -2
7 -3
6 -4
6 -6
3 -5
1 -5
1 -5
2 -6
3 -5
3 -5
2 -4
2 -4
7 -5
9 -3
4 -4
7 -3
7 -3
5 -5
6 -4
7 -3
7 -5
7 -5
7 -5
4 -6
7 -5
4 -6
6 -4
7 -3
6 -4
5 -5
5 -5
3 -5
3 -5
7 -5
8 -6
9 -5
7 -5
8 -6
8 -4
5 -5
2 -6
5 -5
4 -4
5 -5
10 -6
9 -5
10 -4
10 -4
9 -5
8 -4
4 -4
7 -7
7 -7
8 -6
5 -5
5 -3
7 -3
7 -3
7 -3
7 -3
7 -5
4 -6
4 -6
5 -7
8 -8
8 -6
9 -5
9 -5
9 -7
14 -8
9 -5
7 -5
6 -4
8 -4
8 -4
9 -7
8 -4
6 -4
9 -5
9 -5
7 -5
5 -5
5 -5
6 -6
6 -6
6 -2
4 -4
5 -3
4 -2
5 -3
4 -4
7 -3
9 -1
10 -2
10 -4
10 -4
9 -5
7 -5
9 -5
14 -2
13 -5
11 -5
11 -5
9 -5
9 -5
8 -6
8 -6
7 -7
6 -6
5 -5
